3592 2950 -5.617969081379064
3304 3400 1.9199133862893398
1432 4706 -1.9750848699003047
1787 4846 -6.454666719903163
3691 3421 0.8363613301296052
1905 3056 -8.470695198932212
847 3476 -1.1732834321541812
2560 4111 -5.171942187132125
4873 2727 0.0936397454351922
2707 2851 0.6805407686271159
1088 3363 1.979113570759975
2418 5845 1.0567256431608663
4168 4189 -1.0309520235018108
3074 2201 -4.558636398786122
2516 4940 2.1163524050816127
2843 4161 -2.3209660421443803
3480 3312 5.228673703730939
4989 2566 5.372599671856027
3903 2896 -0.449410947199285
1415 5423 4.684981529719807
