3592 2950 -5.617969081379064
3304 3400 1.9199133862893398
1432 4706 -1.9750848699003047
1787 4846 -6.454666719903163
3691 3421 0.8363613301296052
1905 3056 -8.470695198932212
847 3476 -1.1732834321541812
2560 4111 -5.171942187132125
4873 2727 0.0936397454351922
2707 2851 0.6805407686271159
1088 3363 1.979113570759975
2418 5845 1.0567256431608663
4168 4189 -1.0309520235018108
3074 2201 -4.558636398786122
2516 4940 2.1163524050816127
2843 4161 -2.3209660421443803
3480 3312 5.228673703730939
4989 2566 5.372599671856027
3903 2896 -0.449410947199285
1415 5423 4.684981529719807
3881 1952 -7.475647116417619
2134 6254 -5.716963184960445
4682 3860 -0.20484189672252007
3960 3698 -0.92515304794732
2388 2845 0.6989382492165097
4712 2113 -2.301521524494984
4461 3971 2.090086439898946
3433 4250 -2.0267601760217016
2495 4415 -3.1827056102520332
1699 4375 -4.964782121207479
2810 2715 0.5924594788649438
1480 4123 -1.075195097926167
4600 2835 -5.019821568938334
651 2376 3.4561902090136734
4081 2271 -1.762844175648194
2895 3034 -1.6280766341925683
691 2515 0.8688671443834878
3268 5466 0.2579298803344026
1617 5899 1.3045371230934746
1133 4172 0.680922483298851
3231 5270 1.101482422118478
5744 3990 -6.697396612256023
833 2582 -2.7870746317152966
4425 4045 -4.692058910786121
2811 4426 -3.728379083555523
2022 3900 -0.2664568268314114
1811 4619 -4.356631891374747
2635 1711 -0.14281806621501608
3025 2442 -2.976919917731069
1435 3947 3.061669601253824
3546 2469 -4.520836556156969
1824 4163 0.09913479658079612
4636 2258 2.103783685564549
5020 1185 -0.7585057516300975
3041 3023 2.135375348091989
1454 4651 6.235403946708997
1114 3058 -1.786176831439356
4208 1721 -0.4387908297066401
3571 2106 1.1123834333710862
4726 4826 -2.7119551368674855
5441 3518 2.637400296250513
2263 2169 -3.0682342320319376
2432 1109 3.075824287846344
4508 5744 -1.0818014407971477
3878 5327 -6.840170172532927
1472 6013 5.108914647672685
2006 6854 -0.13711416313800143
4942 2842 2.4843827442200896
3583 5680 -0.1341920090050875
3508 1271 -3.3353879291431707
1981 3214 0.6693188980292006
1635 2287 -3.0867452943432214
1157 3199 1.8750104866752908
2622 3969 -3.168998473885074
3666 3310 1.9075023469639592
1974 3638 -1.3560712736586946
2182 2522 -4.846056816128411
2722 5172 -0.03258429292025685
2180 5976 -1.4265613167039632
4897 1861 0.33481514412688584
1300 2608 -2.054295739399302
5341 3612 -4.318590518338024
4148 2246 4.399323034575017
2147 4427 1.291107049279721
5716 4211 -3.440700153323594
3564 1051 -5.6952513562019975
1304 5343 7.986301315502794
776 2675 3.6704249358087258
2614 4101 -1.0112139373054105
887 2091 0.051108315035036066
3797 3158 3.4323124663402838
3098 6402 1.501470822927168
4206 4481 -3.018493852353176
2408 4957 4.6726089956490275
2417 4054 1.8199128007946985
2205 6583 -0.3176113909788906
3597 5546 0.25510861556784614
3061 2641 -1.4436790736459104
2431 4132 -5.78318349326554
3947 5798 1.5397421589600702
2595 5773 1.4552438029427752
2364 4019 -2.815181608824889
126 2482 3.971480223062652
3430 1829 3.8180413204611163
1793 4762 -0.5784368442023315
3810 5780 -1.5054341118701282
2468 1440 -5.1897212261828125
5327 2261 1.948915840250544
2762 4562 -2.2425729759395194
3605 1590 -0.18370839381425658
4509 3941 -0.20344788161484112
3282 5540 -1.3753559070418564
3520 5476 -6.519974560193826
3456 1241 2.0552356947942276
2238 3066 -0.6661376803964048
2366 4253 -3.561310447222017
995 2603 0.3068666194237144
2940 4760 4.282446706405867
1598 1870 1.5151940951515868
268 2963 -7.106385535208261
2990 5439 -2.441550129399176
2290 2478 2.112390707954564
3630 4590 -0.4600485576519735
612 3410 -0.5897591101696518
2734 2690 -4.991173149387759
2192 3081 4.784408800842955
2250 2263 -0.15268377385361778
4057 5342 -1.6042259135207055
4080 2932 -1.5153136143830643
3958 2904 -3.2034745427149094
2396 6327 0.3507287851360055
2108 4316 1.855518898203783
4361 5175 -3.8725611766813426
2609 2252 -0.6680195494506569
927 2792 -5.828489684369612
4043 1954 0.01649736258744678
1962 1945 0.04049425990227816
3093 5251 6.648590107127881
2106 5113 -5.395677496216017
1684 6674 0.4998153400960942
1128 3147 -1.8681631194849302
406 3406 2.894029325114732
3402 2801 4.119155296029334
926 2287 -2.37540173269312
1324 2270 -0.7543708160787012
3258 5732 -6.13453444486288
4264 2992 -0.5038214888995127
5345 3156 0.4340048137294406
4641 3472 -4.3257161075258095
555 3486 -0.16119290060684804
1571 5098 2.005580263545903
2983 3217 -1.0594301660035481
4912 5560 0.01792911210994832
2907 4107 -0.8138233348126824
705 2255 0.9593153316896796
3730 863 -3.389184164754495
6143 4308 1.0875767040472224
1447 3768 -0.19050101606522757
1929 2740 -4.393442636790129
5482 3384 -3.7781527237128
1912 2277 0.6172060367099533
3139 1573 0.3868007188194079
5735 3735 -1.752456998812344
5314 4045 1.9003834032943512
1153 3884 0.8846678907687824
900 4237 3.301088310492184
1849 2723 3.38609511315507
2113 6400 -0.002275713791182293
3327 4448 -4.855298728876036
4211 4020 -0.16091464439136188
3638 5585 -0.8685309297578165
4767 5445 5.593480150017804
4347 4233 -4.954126015054268
3452 2518 -4.633943068041804
4168 5179 1.7000523692170124
1391 4660 -0.12909044747695744
3645 2493 -1.7450846593656437
4317 2061 3.878979389923071
3906 3920 -3.2959065195904182
5808 4290 0.9974999790381059
4815 5201 -3.823513354948437
2361 4819 -6.5002540439359695
5026 4798 0.30554490609047386
3405 1189 1.502652262106009
4628 4882 0.9877339463845821
1357 3054 2.8050027663535513
1858 2150 2.19657911139903
4005 1470 -3.812346352049068
1090 4913 -2.8229901185534705
3246 4641 -2.786261770319963
824 2640 1.450655954440795
2487 1869 8.211796279194449
5303 5331 4.912395502667833
3673 1620 -0.7571905382932128
3374 2323 -4.469494783026769
3327 3624 -4.942409588667704
2551 5470 -0.22109754595777423
1142 3810 -1.8334127520139814
3058 1459 2.8412603020626515
2195 1320 4.36943505757392
3975 3079 -1.482848063306435
1254 5122 -0.7077966390410207
2037 6433 -5.148630750327021
3585 5257 -1.4688266584057332
1693 1709 1.2759598390698945
3088 5547 -3.3121831781323627
4153 2151 -0.1319698635726769
4599 4285 -2.0184235771782157
3512 2395 -5.590095279191438
4666 4974 1.7674892175948709
2111 1610 1.8181517718676516
3425 3696 1.6955731123083557
4114 2355 1.4908820929953621
2223 2967 -2.5738500801947826
2432 2584 -0.5453810446985764
2426 1913 3.299762672640119
3718 3954 -0.4725538497240492
2295 4459 -2.7491796011999714
965 2676 5.326563582448964
1308 3557 4.983657765415497
4472 2165 -2.0820400561701997
3102 4597 -2.6187603792496494
4821 5224 3.1161372047188105
4607 3380 0.8581686748432504
3825 5759 -5.3908692269893566
2453 4419 -3.7510097569914596
1488 5926 -0.9948469360814277
3053 1672 4.4112766329558095
2939 2762 3.372818314444713
2104 6129 -5.054316264980721
1874 3876 2.6349860638171094
2340 4503 -4.956956837142081
2970 5726 1.07333778137565
751 2798 0.6027123540883578
1025 4967 -0.2956924087036174
2823 1936 -5.393520450197948
3869 4342 -1.0665530002647035
1821 3626 -2.5529382900673623
3272 2114 -1.2038701409814372
3150 3190 -1.9365644368516588
4138 4999 -6.310292411752945
3901 2083 4.6544668190066885
1133 3405 0.08507541620617998
1693 3456 1.4977597333589057
3708 3633 2.2735094700118252
2417 2411 -5.908883525509192
3182 5288 0.7418487703103421
1250 4923 -3.9380109488391635
4267 4394 0.24800089916074175
3526 2919 3.3488539965971444
1495 3926 6.275855335550429
3540 5862 4.0275343289590095
1532 4435 -2.1449895384826516
4835 4764 -0.4926124379275665
3148 3588 -4.7280218200686095
475 2083 3.103234038896283
4397 4935 -1.8392140288016345
2964 1835 3.4807817027581565
4023 900 -3.8572914312767286
2897 4524 0.34350329030593985
2955 5765 -0.057826980644489476
4591 5567 -5.420186118587662
3009 4213 -2.814122980300625
3036 5165 -0.7206063123681539
2560 2472 0.34720693203805125
3451 6241 2.693129502631263
2118 2025 4.051216400400722
1400 4531 -2.1616147514820936
4660 2732 -0.032440073827258394
1756 5437 1.544272425991277
982 3079 -6.887691470656276
4755 3373 2.2237119970578463
2665 4456 1.3904815560650678
5271 5028 1.4677562014844463
2856 4359 1.737382295445015
2243 4336 -0.29174413305777885
4205 3192 1.4222972628725539
2879 4247 1.2601259422462225
794 2913 -0.21277485733417292
5083 3652 0.36100585180041667
2437 4730 -3.867157306658333
2474 3082 -3.359473374681111
2761 4535 -1.5680783646358705
2705 3508 6.030446564974201
3418 5703 -2.6295364493769577
3826 2017 1.5201122220798826
3700 742 1.8273843180246874
3360 5488 3.5797924581589795
2740 6511 2.572183588977733
5718 4879 3.399966009144532
3112 1819 -5.050405215830378
4476 4175 -1.5091224583353204
2107 4375 -7.343883429766473
4025 4622 -0.10073809362742892
5607 3742 1.876073739257312
1602 2742 2.5945126548907425
4630 2817 2.0034550884155653
4787 2544 -2.335454671264207
4439 1140 -1.9787347752034783
2020 3714 1.723035908763344
1118 2257 -5.468210238192925
5845 4614 3.7681706175554495
2026 6818 3.7258593040723933
2131 6152 -4.825695533430118
4490 1888 4.886276895129715
1353 2126 -2.1701443649646937
1711 3298 3.306989880097451
4211 4784 -3.62512524486012
3312 3870 -1.0921736070926307
2129 2137 0.6265062900589354
2094 5609 -3.8283875284530886
2428 3090 5.12664868431843
3489 3947 0.2859864187909276
3161 6000 -4.5179780944494885
861 3651 -3.783736526316878
1655 3298 2.3729201186339863
1287 2075 -4.364021458112888
4060 4387 -1.384719920944887
4634 3418 -0.17228174507273836
1267 2182 -5.463369233792681
2012 2077 -3.2599185686748933
1755 3292 1.1594415539258158
2453 4100 2.1904404349948923
3435 1964 2.738204277827497
2116 1325 0.4484001057173051
1563 5190 -0.3981172868004476
4826 5429 -7.422080113762055
2664 4914 -5.067215149548685
1654 3724 -3.723033167784152
1304 2411 1.3114394341059128
74 2455 5.427564778705599
5458 4404 2.899888133488918
1197 2275 -5.179557257286255
4110 3941 2.435312784258438
3991 4171 -1.6361080904559828
3962 5799 -5.215522363663992
2660 4191 5.388330398278985
2379 2460 -1.5534981418981957
3892 2663 -3.38974928836986
5409 5097 2.5997113619800083
5129 2355 3.2620711430464966
3271 5906 -2.163521363911081
2942 1773 1.2431553532359552
3945 5888 6.048217640858199
4256 4947 1.4893452875249753
2446 3820 4.85640461013517
3432 639 -0.8703616601402184
3926 5389 -3.831743391573428
3934 3773 -0.8460491519148675
3550 5211 -1.3722319229933415
1833 3478 5.111465095035606
1105 4326 3.5700389078208996
3752 4512 4.330135075552058
3385 1115 -3.678050982937341
2515 4392 2.6478764199237648
4493 5106 -2.8652463103256443
3786 2736 -0.31952362455738126
1825 3058 -2.434067958139121
3902 3415 0.3730711789920346
2435 3601 -4.268851172776116
2170 2690 -0.006579047352709541
3984 2210 -6.315556363104087
1739 5731 -0.8982387436502429
3359 2507 1.9984508169716215
1906 2932 -3.3451053319210247
4545 3216 -1.409613485247804
3291 1445 3.104234197720266
3277 4282 0.4757015070990056
1333 3990 3.010857554958596
1972 5358 -3.1776781293335814
1542 2982 -0.8061790839158067
2176 2968 3.9625860305906317
3890 4906 -0.29281063406140745
1994 3837 -1.151349585210214
3163 5988 -5.464376255011923
4672 3414 -3.7759006200066323
2239 4281 -1.0330103041295973
4254 1835 0.7553035184118143
4777 4782 1.2983643010330037
2598 4877 1.1163401866216083
3159 4129 -1.8922852271515804
4063 2846 -3.516153728905429
796 1970 2.123509313506695
1498 1799 2.8108570913234554
2676 3873 0.9282262412190756
1801 5284 1.1004869539266988
2892 3779 -3.1965350897591716
1628 4798 -0.6969653155741714
4644 3728 -2.598645473433544
4775 2459 2.839877444573914
3257 1440 -2.601771480198305
4858 3679 2.3900276860830605
4508 5755 3.5101085624785324
4161 3304 2.1959202738326224
3962 1983 -0.19395754753956787
1810 1822 -0.32443362549950483
2087 5581 -1.3888526938344095
2049 3164 -3.4125055320977946
6026 3907 3.638179378777937
3352 5361 3.580913338208278
1000 3955 2.2343220109758657
2028 6832 -3.314677826137636
1817 6705 -0.8468930467805034
1162 5433 1.54429192740342
1960 5270 3.3322775535216014
4096 4153 -1.1514107209872855
659 4008 4.950002323870872
1511 5170 -2.791333660302495
4914 2660 -4.419282420908329
2002 3645 0.1389921438514129
2129 5905 1.2401297634730566
366 2754 4.443516288271007
4130 4541 2.794986918782608
3533 2778 4.1728793547197345
4961 5340 -2.457372544653643
2213 4366 -1.0178971447930791
2494 3630 -3.784284345577311
4753 3915 -2.497066747432829
2257 1539 -0.15643398167519001
4447 1500 1.4475692580700723
2743 4557 3.4018925576903616
3362 5952 -3.031766573647548
1274 2161 -7.8781737379939605
3544 4361 2.0063371624695137
2736 1044 5.323148516987445
3455 6021 -1.7845757264863715
1274 4926 -0.0104811733276353
568 2272 1.9747456320767498
4330 4970 -2.6279018707039974
4977 3780 3.1336144814037645
4858 4657 0.263952001051172
5609 4683 -0.5892332878154919
4159 4433 -3.7425328787156342
747 2580 0.04973571640497387
2757 5416 -4.281110818707326
3738 5149 -0.6478622815242702
3524 3838 -1.0124526778882987
961 3211 4.439230638788301
4121 810 4.68913657400899
1610 3591 4.882350615894103
4650 3411 -1.0500605081064411
3315 4142 -2.6581813760145723
3651 5941 1.1467860295838275
1868 3499 0.027644491959891267
1950 6339 0.9221676283585646
3177 816 0.8061259972643755
3168 4668 -3.207393695354167
4115 2200 1.21467537125716
2778 3031 5.341181024485709
1327 5279 3.2519220064436762
3811 2599 1.8097997123321763
1909 6454 -2.74774011788096
3771 4589 -2.060782665708083
1541 6170 -4.308387865176492
1326 2981 -4.559299551356043
2677 3655 2.4854385297780373
4311 1078 -1.0726581364896253
2470 1932 -1.9490995279270564
2816 5992 2.0269161303019545
1236 2847 -2.2701473190587107
2239 3355 -1.221486089818467
1847 6491 -1.4638577107723587
2124 4036 0.9687456528610133
1667 2342 4.144373018821153
3321 3890 -0.9301180050738042
5024 4235 -1.0604114870711485
5817 3815 0.15955401366078217
5293 5278 0.40336645259830983
2030 5141 -1.9956281695238005
683 2076 1.0833017217376544
1092 4113 -0.0457070980351555
3623 765 2.680135172370784
1124 5046 2.6843069096014016
5075 1488 -1.3621181338895632
1914 3333 -7.473215655161241
4655 4149 -1.4301785505801645
2329 2760 4.02237701577558
2850 4553 -0.1616197063014896
1046 2590 4.063638347858788
2272 5821 -3.3366623571538345
3632 3756 2.923801669432274
890 3308 -3.904625350997256
2735 5269 -3.019074352672464
1804 6386 -2.879758555008766
5212 2909 0.9666417622163102
1997 4385 1.9410796753770854
1606 5533 3.951349777086992
1611 1681 -3.5195331143921647
4622 5092 -0.9414024863421669
4146 2815 -3.199377485136364
2814 5153 -0.7256490932519689
2919 1528 3.59994874710099
3903 4830 1.259225541193993
5409 4415 -3.14184978538945
257 2350 3.700970676135762
4735 2817 -3.433931575105765
1405 3557 2.2940569662933505
2842 1425 -2.3460720514397035
1714 3789 -2.406432255469286
2485 2632 -1.0639633880993975
