3816 4619 0.5665638036792966 1325.9019366550353 457196377.35881937
2654 4120 5.644741057608687 232.84776994625136 3764800435.917056
4902 4678 4.748781460098653 228.36121714452804 4288403852.5979953
3377 5745 3.5625143252178284 126.61233764482024 223023866.33595476
2932 6385 -7.192177213221651 157055.6734161735 15294443.932801642
3597 4043 5.268807573588044 166.62795347283344 1565883204.4367518
3292 2045 -12.04590740324452 7095019.8620088305 9401111.175263895
1224 4685 -0.3938479412077381 6377.695413615688 1847610012.3575497
2311 1815 0.5973062369223365 347.1239227001333 5236170.839148795
5571 4065 -3.0240798246960665 2956.92838049547 11081624.192845495
4021 5289 -3.2156441605614754 35064.09296435496 190936912.3328982
3880 6044 -8.58025282817366 2673445.7028453387 59832210.930207595
1753 2755 -5.3153010540852605 38068.174282845444 1000000.0
5093 4647 -9.151636927634378 737381.2569564658 1000000.0
4320 5739 -5.76579317986939 441527.1373370692 449439600.4356497
3453 3271 1.9252018815070242 879.0994016863979 78033566.34646389
2814 4071 -10.909082812924078 9202201.941054137 1394803.9747626244
3890 5992 -6.975621023670265 347760.07155912556 1000000.0
1791 4201 -5.497537903519119 636607.5334399742 228380992.2708934
2403 3033 -6.159543789829214 363713.2498862559 169693571.53288138
4169 594 -10.351140410659227 6030153.492818489 19623839.1812929
4199 1098 -11.343730770002427 3783603.542720736 2901392.1486897394
1360 4049 -8.910298412405252 478048.3833083648 3382306.184058923
3805 1563 -7.601720004137525 1084685.1965526384 89019254.73875868
2124 5509 1.1771845196077018 847.0174735061855 25438780.254223768
2393 2021 -6.913136952475962 72791.03311762046 1000000.0
1922 6713 -4.687222300639351 10029.682710676676 1000000.0
4668 4711 -7.285936723263352 233930.99626381163 2049211.5497101576
3710 3233 -6.393185340814029 7652411.5417796085 4421379237.117229
3206 3549 -10.201567192971769 3313628.3716275245 1180334.355714838
223 2236 -9.394600099847139 1811964.3694623597 44357119.29086195
977 2148 -4.449762217651188 176022.56164675174 641680232.8836507
1961 5723 -2.9280724617420066 41948.85773181108 304520018.6838963
3398 1049 -6.2880318627358305 191120.7785802674 1000000.0
2941 3385 -3.929476722204939 10234.155697443317 1970940.3044737494
4820 4202 -4.3879668762088135 114720.46342126465 319139366.21712774
3029 3552 1.74147936042643 462.72239733376125 130825258.0889133
2161 5891 2.308885134004153 284.85456479428535 393550885.4059323
5051 3626 -1.1045123021020795 22203.55895639283 997079777.4042529
2719 4588 -6.635482595328188 5118150.325757113 9853259323.02459
5727 3967 -4.721227885392526 486947.2237305002 3241230612.1056437
3665 4856 -2.590894245994636 4323.209333477484 1000000.0
4398 1526 -0.3675437994760761 3747.0415112480064 475549986.57359266
4008 5392 -4.816731056727524 34432.1395605916 16353749.558838267
4615 900 -0.7357859441276474 639.7316172507353 1000000.0
4449 2617 -1.4977552174262159 2142.1906790500616 1000000.0
4862 4957 -1.9499061279928032 24980.93201127525 838809681.4504414
4527 3372 -8.629202543243599 905007.7297005645 14223901.921251865
3640 4335 -6.282967660692944 23926.272589524197 1000000.0
1836 4056 -11.915171351119888 2935921.3274524263 1000000.0
4612 3294 -6.174635438356566 20725.07148907498 1000000.0
4589 4847 -4.102115038845817 864966.3939067563 3435476055.6620054
4047 4432 -3.4213595012507763 261836.27109541371 9601474593.19457
4193 1828 -0.6058321823639896 3566.853603197632 97807074.2962713
3358 4698 -6.2819457521963455 1147502.287399155 779671520.6830668
1316 2388 -0.25804778641952364 152.64125411157016 2161792.834653157
540 2824 1.7269225365322172 7869.298297276869 8861227225.024118
1846 6973 -0.6608443875618766 12680.318704609472 1052185047.3231508
369 3285 -2.8279408582866283 6470.1399662671265 61448140.74495104
3164 3808 1.287452588382136 5077.933803518062 6653271690.885858
4614 2620 -3.9633086030917672 2817.219828979061 1457223.9072196572
2140 4033 2.414315842051126 595.7615773951214 2638697903.432264
2065 2076 -8.01892140997127 425704.406273339 10699133.769244462
3822 1690 -2.837395806452572 35516.38965991955 153938240.9666592
2291 4158 -11.086516510134343 3424148.183178423 4903654.08500605
3113 3513 2.7907508789376028 788.0947766428587 1408738300.379863
4550 4815 -2.5329611606364497 120542.86577661251 3589352425.6411033
1994 2037 -4.693221292880691 70075.11164108285 44325018.073120825
4985 4227 1.5376741168556936 379.27858701890915 1534056363.2738104
3378 1371 -5.918266479264777 49134.222944597364 1000000.0
2187 2658 4.155869743422329 226.74006669567189 2214341090.10346
2965 2203 6.759494347368152 135.46763335210719 13326258762.09002
2928 4374 -7.75126994709856 304219.6333223404 3545836.134017853
4431 2550 -7.767780713968828 115248.2232665517 2279438.9665214145
4128 3370 2.7255653976538996 848.1027639276194 5293224593.711575
2191 3170 -4.760566960046227 276125.73017156747 1196954780.5007374
1676 3527 -5.216417037663714 33496.84682440296 8370506.047947338
1911 6415 6.563089109731323 132.297975218561 4236152638.435205
4087 853 -2.221314846972106 2241.0867635557825 30387539.31131088
4215 3634 -9.855965095219183 735870.8048560835 1000000.0
2938 5017 -8.973330250492337 1231492.8175910474 1000000.0
4464 3959 -7.066945191761869 2656706.0428152857 270798028.9589669
3396 5679 -7.121820405441148 190070.32825631872 1000000.0
1582 3351 -3.330656210471379 6157.224663929726 9643774.910520496
1442 2826 -3.369219645322662 370.07756914143204 1000000.0
3058 3463 -10.70026482321687 4053719.2124956776 3237521.823560206
4438 3148 -7.367581438580018 203706.46622862772 1000000.0
346 2366 -3.2185413794768896 337978.67612978414 14548382561.447134
4842 3724 -6.27440438755913 65344.82320182968 1000000.0
3542 5295 3.262936752446374 128.83824102842493 9731268.546545226
1491 3311 -2.47232059252384 33960.365341027835 1128853279.2499719
4952 5223 -11.004136662832304 5148373.428151904 2416746.054220053
676 3183 -7.949419712762296 205142.4429504368 1925163.005129604
4753 5406 0.03972291536263027 12070.76348513202 13122993774.501911
2447 4855 -7.329833183859426 74067.42888946703 1000000.0
3448 4174 -4.135196191604175 428285.6162120819 887088032.7479999
2453 4428 -5.089897885634846 41777.80278693354 35478084.46606687
1390 2842 -0.8911699984104832 435.12710086495065 56150859.32534454
5057 2960 -9.956739765138833 3969912.234272966 1535444.3160963245
3295 3398 -7.770361619982353 646658.7798615778 50155278.050342895
1270 4344 -8.752892410083495 2288007.2136306954 26755722.302022345
2304 3283 0.9783907240332149 6177.479014041173 6845182327.584495
4724 4562 5.584568947500244 466.80124218660967 4315111567.049017
1167 3300 0.04825166277160616 9137.525031198811 6945300300.192842
4569 3498 -1.2435234866792413 4663.918791208758 30252174.26161293
2404 4709 0.5848391748831586 1665.7987988649668 526676201.82359946
2153 2683 2.197550379825197 1677.6044596173642 6045212988.606567
1912 5886 -4.539778339478156 11233.674406778027 10738970.605567817
3549 5464 -6.594673529982765 156300.7784917736 1000000.0
2444 5083 -3.7444274242759623 3371.562840654767 10854787.431662407
3721 636 -11.990344608272665 8817864.232384333 1259662.678021226
1353 2113 -7.482537904648083 4037279.6776907393 948917431.7659303
5710 4728 -2.8864313273510676 38888.55987638875 1830410752.277078
3401 4139 -0.46783229233054485 440.7228518796439 40331438.00630402
2882 5169 -6.840937296508467 36184.36682593959 2263378.795821215
3850 632 -11.261571802268596 7789667.539052524 1000000.0
2673 2446 -4.170749155265776 6259.869214472163 5571833.955885466
771 2844 -10.202751776511624 1478273.7660757483 1572898.3898528407
3537 4064 -5.312822695079291 55874.72592631862 3227791.9917853167
1297 3916 -3.5202777967947054 3593.713973675568 1000000.0
2808 6472 -3.9522485544869035 7199.55492519583 1000000.0
1874 3557 -0.5846374075681974 414.69281396571523 1000000.0
1617 2872 -7.1351403483478855 546825.1601200773 39317679.06726048
2395 4623 -8.935228195428591 1518799.883641395 1406464.2306895056
3669 4259 -4.910193165397008 347057.6189285714 627271660.0513071
2611 3912 -6.639337270936748 4086495.7569709476 2391226893.362588
3177 3382 2.9332601816186914 1491.2858419385482 5201644970.552459
2782 1005 -7.7770836367499685 2367705.386197634 436876015.6501743
5615 3502 -0.009762597333804402 2128.828391133541 647572793.4929426
4557 4887 -4.204109918839377 1188013.695624902 9840622219.258724
4606 3537 -0.4555353882753286 10050.318714412153 338810995.3205007
1284 3958 -8.294689353719132 686157.6234795126 1826828.9142859497
1391 4736 1.1952457806923555 2589.2992048411684 8045349187.442748
4385 2760 -8.07661664374508 649956.4585378674 33406410.22457797
5581 3095 -9.80566490365652 2756059.287487422 1000000.0
4296 4833 -2.4541319609341636 4181.055418013171 18496094.06343936
2413 5196 -2.4390918427006794 1448.4267918245 2249768.5221618135
4003 4018 -2.0995855003062105 108728.95118435858 9213885007.278452
1907 5190 1.6656519323008927 3459.8493019853895 6358524461.640726
2688 2901 1.2767022940798496 158.0904525997994 1000000.0
2788 6079 -8.041486463913989 741667.5058464248 58161053.152379446
1173 4181 0.7205268059255491 351.07132190000783 1000000.0
3139 5055 -8.546992017446481 601583.5631750359 14691053.28205931
3770 4837 1.4972080289966423 1782.0592871655954 4576079871.388609
4281 5504 -2.389911279663283 134949.27958227732 9972720950.40506
1906 1559 -8.368272222155161 173869.4433107867 4792100.24614669
3763 1755 -2.6866872896179825 2677.1435174745156 1000000.0
865 2223 -8.033594479502803 647816.3574345317 59158616.900527
5563 4565 1.7646712569230811 319.68503375961416 1358529189.529127
4609 3106 4.091770859212263 137.10887259426892 745306557.3169959
1984 3608 -6.270471462950559 94998.6592753701 1000000.0
2962 2629 -8.041559651541824 155146.87692296394 1442879.1751650225
2178 6579 -5.437662771891107 10656.11527095117 6006453.070099302
1297 4049 -5.016496016413273 307750.1155926522 156415558.15802914
1636 6083 -3.6364486599052768 10535.934635286674 1000000.0
3343 1409 -5.535941733333001 13071.01796081639 4365886.823243446
4824 4337 -4.651207650772212 862222.1285728711 2611836464.0002027
2724 5822 -4.5053786413036745 187323.72344977624 877590329.6382952
3169 5633 -2.563571714219791 3684.7274243795446 18344425.097136177
1753 4805 3.9138576927405744 517.5825482837794 2564346982.134575
3495 2330 -3.5634631379851003 26865.395737267325 60198922.20504548
3035 3408 3.1879028542652437 241.16760942155014 1252080402.6193678
3834 5601 -2.5117832101078394 3742.822820733392 1000000.0
1319 2152 -7.689214141983321 159485.60919055121 8324636.748037052
4428 1870 -8.300439399260211 1105869.1208523074 1059201.1915618705
1738 1547 -10.71627476822612 2165036.8607362304 8858466.034150856
4781 2348 -2.946673951441026 7119.571677888664 1672797.944907064
1553 4823 -7.635211694287216 4983907.43398763 902129156.3103838
4552 3885 -8.603039979170047 140217.3513836631 1000000.0
4171 4049 -7.924234621015834 585972.4409563246 1370784.672885564
3268 3995 -2.364137661427725 1460.0561775744077 1000000.0
3001 3388 -2.2984581892264924 1726.802495583224 3451189.984280323
4042 2586 -1.7085067304062664 17255.1846076341 784380948.9784422
422 2929 -8.082429648232653 6402100.733536927 165643480.7267506
3795 3292 4.707143318039428 168.66557864771113 682032001.2976786
3751 1462 -0.29990417128448393 4879.874033903188 456346876.14744
1719 4303 -7.00198244224183 341643.127587096 97584599.42451976
3280 4915 -2.742412809660193 6174.346036495851 2473274.502829617
3009 1274 -4.306627936877787 56970.3530343551 38288248.642894395
4462 2445 -7.815405408092509 1066753.036696681 95067487.96316373
5348 4388 -2.438206076082429 2817.3293450862657 1000000.0
3659 2715 -7.957841129229779 8519896.06425201 923883103.4372425
1322 1750 -0.04647299334141686 553.4558567359095 1958867.0403817266
416 2552 -8.913378705629803 2726978.324505698 31850600.40563102
2315 6153 -6.445158404282918 106822.22293131742 41797844.26795102
1192 4049 1.340176516388506 184.24980112098459 3419290.2036251696
1999 5869 -2.683631735608767 34310.57712290628 368129402.5293782
2913 2820 -7.5035075310097215 209013.04695001274 1000000.0
3504 5480 3.650163582719224 478.0321322437228 817804480.9871846
3715 1898 -6.9065500161302085 777787.4232612813 134258046.85280418
1562 5115 1.9773948879447294 265.77019103633927 1000000.0
3800 5522 2.0938750085616897 131.07969488477084 1000000.0
3382 1568 -8.964771525409493 532210.2932602271 1000000.0
4501 2262 -0.2921197809473504 297.52743218232513 1000000.0
5692 4275 -3.677507167518151 51376.34321058563 58698682.98163786
4107 2470 -4.566953883771306 2029229.9771023032 9744548929.107265
3164 5264 -8.387375920461269 143426.78749179348 1000000.0
1127 4829 -6.954710768239996 1463406.6426635922 1219394504.129144
2839 5316 -3.4411952831242196 1934.363244852352 12700801.293096665
4969 3582 -3.61571261166976 497346.89182726404 4812232435.407807
2855 5606 -2.9815129573475394 2465.2967163575795 8408839.72961789
3095 5958 -8.915939657677114 7492684.163446351 266899402.5107071
1821 5259 -1.7401875218509635 18126.899727249234 186556514.0978401
4225 5661 -11.35383962553884 3008094.795511574 9724954.3735244
1798 5687 1.4480340543293386 237.5722863449445 1000000.0
2629 4025 -10.544340086041895 5336784.742531323 1000000.0
3781 848 -9.254838713870333 593495.4655148705 9893368.113582738
1097 2215 -5.291310445603534 321788.4817418289 180421529.09627655
5322 3199 -0.09344741012645995 19377.433939998537 4019560376.4589634
5016 2900 -10.642021170033207 9816022.20534318 1000000.0
1319 4953 -8.842640508298635 1006901.3375059325 1000000.0
3802 4473 5.179859874593252 160.09161894042674 2941050589.2397084
4959 3429 -2.1815379371029944 28113.204706890185 245097217.94604975
1165 2852 -12.025740087939598 5641101.96734406 2194834.592032691
3086 4663 -0.4503424602756679 587.6970549477511 1000000.0
4961 3817 -4.644809921435909 771396.7844586185 3929442091.6090646
2108 2607 -2.9106967843245113 52349.80144496733 456184615.30857694
2442 1983 1.158248684499226 5139.904802274992 8911054376.750803
4350 5728 -2.0424239545591645 171.2817619625112 1000000.0
3843 4026 -1.6712594003409265 190.86259312647397 4054051.9734948105
3379 5163 -0.4168445586525989 400.2074609725915 1000000.0
3464 6018 -10.299141173692112 821295.5362852457 1000000.0
3723 5149 -8.09712167712828 4684653.343280844 1145573783.0314443
1248 4291 0.6515548109863711 5331.786180414363 1143860944.2449515
5172 2853 -9.231422522074993 5401678.099698807 29899946.37688902
1459 2805 -6.502814590329061 4098024.2716933335 2013618662.5009477
3728 3015 -6.704574236238671 36847.40956782101 1000000.0
4636 1942 -8.212121659708314 5407342.270477831 317466920.46610016
3130 6254 -9.16623621653955 494004.5844754104 1000000.0
3445 4185 -8.217544022771687 689867.8610762102 1000000.0
3680 2704 -10.711656851574624 2307560.1563406233 3297972.073727154
4743 3985 1.3709178552242085 3474.195978184732 10478700122.848549
2889 5918 -3.3671852684348815 1298.190985370869 5079303.130963726
1560 4900 -4.009359719493626 990257.3803689502 14773469977.690311
5286 4664 -10.75370594469443 2272281.2853071857 1000000.0
4028 395 -0.507445157679534 40341.41713230417 8770835775.451677
1633 6379 -3.2615604031883096 5357.569038418232 2754125.7853603973
3778 2152 3.235468470685528 2318.3869413048856 13819043792.51978
1585 5632 2.23384796123975 713.4264148717986 1206050090.4155672
4913 4258 -0.9461342500378959 10582.110198792343 1675003050.689733
4617 3450 -10.415467600568972 913350.032706638 9446945.702864228
5253 4083 -7.814400001676876 724343.7493519977 1000000.0
3893 3322 0.7372342321795162 1093.4551885061514 51979939.250008024
2021 4650 -12.333229189810723 9857020.246836882 2239989.499742396
4677 3432 -4.290384750380308 16440.426123052206 21462678.420245223
3280 5656 4.149526873620313 184.58375381290125 1124416145.7483459
3275 5972 -9.781115239437442 4219760.958948065 1000000.0
3198 4962 -4.411360840950845 2993477.743090923 14075546103.29191
367 3079 2.5982344025436834 575.9097138876388 6525634683.4303665
5542 4239 -5.8725165996656425 515722.0684589042 379989055.273371
855 3671 1.2156414409502068 331.74099850989205 1356767.353667404
2160 6722 -2.0084033936190897 3890.1156004195027 1000000.0
2441 2090 -10.469015120289047 1638356.1180420548 9925761.108586079
963 3034 -10.729492525309292 6745543.67025037 37013997.57991155
1574 4291 1.5602011779901441 460.01890382209814 5918404.257887687
151 2590 -0.019111301500444905 811.3718821570741 1218898.3955722034
1259 3308 2.0388274954522463 857.6409716523278 100864345.85411558
3992 2719 -6.041401302229713 60933.39317572721 9892050.614305377
2184 1357 -10.68965040694581 4328349.083437209 1726847.5571814938
3026 4316 -3.137882056116114 1197.4373614281453 1000000.0
4115 4134 -9.259362627691221 1825784.9561464523 1000000.0
2848 1966 0.6285976702631614 358.9360763699127 1000000.0
5402 4330 -9.769782259487199 1466330.0698402524 3654226.2937936187
3909 3356 -0.7220769015836394 29773.569544474292 13522954599.378206
1563 2477 -5.500369887870953 48242.14507694169 1000000.0
4274 3068 -9.07161466297677 1010007.1275423045 2091839.4546693172
1211 2726 -6.190638939733901 2504190.7109671887 1874560785.7633023
4533 1964 2.001940688640216 4815.02054605711 14643512396.857624
855 2582 -3.9695913702823526 190232.37454286133 475085818.5232823
1934 5275 2.737546495872712 647.7221990291357 730385366.122084
4507 409 -6.927643423846637 43568.05963281704 1000000.0
2519 5301 -1.4300706394352696 41297.94689974379 4549194064.18734
969 3601 -0.09168680203892751 3013.5247963189668 884564395.0050251
3489 2639 -5.82334342814665 40971.57848133893 15398911.957084043
4002 2298 -3.1062484862603172 1355.3682762279761 2675646.969290205
3416 1763 -11.40167437875339 5562522.046903799 8365934.676369282
1370 3752 -7.402077853118339 58661.937357011426 3107945.674378514
5394 4311 3.8613258879802306 165.0729980813889 110350329.8232793
2691 3741 -3.0238698623901037 306489.77707183274 8864719673.656965
32 2413 -7.856568104806164 7771063.244357328 3381946565.588323
361 2167 -6.885488679828171 183823.33632433377 1354241.5370632007
3195 4122 -4.4009146327049065 18040.429236003736 15273099.23615691
687 2209 -4.626990525302197 31532.435388224276 1248568.9961468326
1423 3279 -6.602171486349742 77194.38745493839 16396840.703838518
3329 4004 -0.8333081527310334 26194.12232858536 6722762096.119722
4236 5451 -6.656967304145647 2813139.677162948 2143018313.307649
4482 2120 0.09895423779430326 1709.1757634239816 18568572.93781082
684 2919 -11.081053852452506 5100940.632766687 1000000.0
1186 4411 -7.36233714127724 197597.41045193034 2733157.661804444
1334 3848 -5.035448644904326 130470.41807494029 72337050.67064604
1321 4566 -1.7363332707552839 25568.230933399343 261611877.53705472
1776 1710 0.3764316454546877 7153.6261425686425 1426501055.634069
988 2606 1.906755272094239 3164.0213482705885 7122007198.5648575
3573 3160 -6.738184835935039 4407257.551567502 1107797946.5140767
1502 5510 -7.442429981030592 81715.2120445132 10583559.09855938
3952 5716 -12.406229915207533 5164477.18501082 1000000.0
4059 2575 -9.108556267184106 473260.49330294016 2202624.666943412
3793 2116 -3.589433460251392 257445.47307820967 2721523781.0089736
2067 2395 -1.8472571158942144 1442.3687306061279 1000000.0
3265 4888 -0.7806173658440583 141.25961196888707 1000000.0
912 2785 -0.24972205882696905 8790.901090681833 7548118071.860147
814 3544 1.0997194698053108 118.77472523606465 1032612.0432257574
5008 3115 -11.214821318709648 4074857.627264981 11298465.190019188
2426 4040 4.033489449664347 229.26927357513546 31881246.71228872
4004 5627 4.028047669844171 1080.5299587112543 9334762815.2208
2618 5660 -3.0491145098826453 210566.52423406465 2089627338.0977356
4058 4222 -6.152662375315959 83250.25860567989 1000000.0
3400 5705 -6.954505010822014 555020.8797282516 207593140.28679255
2954 4891 2.3626316647639545 200.55863295887775 1658822.3460582136
1547 3480 -3.7299965811850266 49533.017155064284 241019647.11949316
841 4468 -0.20835535315140324 655.5079327854562 151890509.6973711
2254 6712 -0.6437051547405646 644.14879820766 1000000.0
1297 2249 2.718639279342445 693.4711644517525 8371194018.569177
863 2793 -5.892589603084118 197586.2005441673 170818335.35836545
1418 4758 -2.7587488101687456 10364.044967376441 109233654.77835359
4994 2503 -1.3717268743933557 2959.511312179931 138782878.82009262
3699 3622 -0.7345784277422962 479.41418222594757 4353372.130462311
906 4264 -7.819032144245848 204066.67014620992 4017799.515425565
998 1898 2.7024536826595003 456.9867531560373 9401424046.154001
2126 4152 2.485032704490256 122.65039621413733 1691565.5905437223
3981 5236 2.416797223663664 1397.8999929779811 12735069585.91071
973 3852 0.5797894522978705 4537.821358510547 1651051375.2049282
2855 6348 -6.768688335099311 103231.52498769159 5310334.441667304
2859 2897 -1.0182526992195362 1941.3844459987465 60992690.5412151
2462 3176 0.385075086304688 2979.5854055958603 1818848735.4553893
2168 3469 -0.2752670399865988 12177.874661093176 1919135168.7815826
5220 4607 -3.178319754362854 84959.05803691018 280467435.77990246
4334 3963 -10.773459765161963 5902949.4414476035 16687160.969209807
4583 4369 -7.9411072723305365 872554.1554465898 1000000.0
4098 1114 -5.858471366928689 369455.9587141055 315070577.30534655
2484 2866 -1.707024095624653 6403.464172853482 25914701.583667662
4288 1567 -5.372550156649185 22680.99182350685 2517301.7329248157
3113 4466 1.9645849386064864 133.03864662779537 1000000.0
3978 1288 -5.319421411242905 275861.7178761744 166529845.2501325
3545 4264 -2.654744705400334 21171.940858478793 49759722.91505174
5302 5328 -4.631819707622136 8288.74156343913 1000000.0
1260 4998 1.1348777077870584 1077.000677594581 1302999244.863978
878 4280 -0.1705678630491441 871.4012498088562 1000000.0
4756 5144 -5.766187124837359 714132.6411747094 160441258.72446108
930 2926 5.2959464618255865 262.5749240513457 14797682415.526304
3737 4427 0.43587691041650545 1415.5649251583452 84675734.36917683
4459 4083 -9.338797265025166 2269652.020588062 27559322.68592493
1012 3545 -8.105046047016582 643808.0815910463 1000000.0
2263 5550 -0.6362227023624876 1052.315237607293 22932640.93968276
770 3652 -3.223829787866027 12431.9743178974 112923316.7657389
1157 1838 3.656807024559716 575.0220605622698 3446775051.14164
5724 3760 -1.9876848783159895 11381.916879890181 60015635.84245016
3345 2375 -0.5793391303353 1229.1225466825097 67518014.98446546
2820 6020 -7.210689041178281 3403719.4718645597 827263598.990098
1750 3002 0.16362959858244314 8584.939568586224 3165732667.7441115
4043 4694 -2.048426053239041 4053.6457379371773 53954519.91888905
3048 3578 -11.796022928230105 1690166.6547615612 5667852.175198564
4142 1196 0.8299204014743996 1584.1081296925793 336104210.179752
2600 3131 0.7495922581227535 260.2091109175723 1000000.0
3194 6035 -5.633374370680301 63637.7997952345 20142890.701718025
4824 5381 -9.462894931615601 546864.3833273118 8614339.475972796
4783 4127 -6.253269472786053 1196459.052823327 652516700.2397068
4236 3959 -1.3529561502241376 3626.776065470838 49673755.2475216
1323 3141 1.2170719075830005 207.28999885715865 1000000.0
3709 1665 -4.1732849925285675 60169.28777120927 222604825.9447414
2462 5832 -1.6596602761114394 16947.410375010295 133568854.64203331
4479 2693 0.5208107324663792 1015.0688384834954 8320032.622178328
3071 1686 0.627320794776872 1028.8572885391627 551281816.9850298
1832 3793 -4.862747693565422 75783.60578889438 18789292.554936707
1584 1756 -3.388802158227372 57993.69555001687 389182927.39110184
1799 4918 -4.702016155921595 4083.48265737998 1000000.0
1700 4406 -5.349062966734241 29084.626720164793 1000000.0
3203 4318 -9.509468655307266 2357720.9905799907 1252663.2583042837
4228 4964 -4.724038262457498 124199.69656292332 116655885.41846082
2263 6786 2.9734824830657147 347.7098400688263 301321755.01815087
3507 2678 -6.9486468633576965 2364453.080266297 1007084909.1843189
2861 2968 0.696437921255676 378.0358989164405 702207408.2987103
1534 3939 -2.0475192836823655 2270.3134839221734 1000000.0
1079 4280 -1.840453180351246 8509.792945943307 427238621.32832
4154 1124 -1.2696242596251006 2787.25189659363 16812819.94818915
3341 6184 -4.085757868710771 746233.3659298602 13188931891.835546
1114 3834 -7.141090422040875 3366866.1897356566 2115277785.492304
4903 3531 -8.515671971644831 655408.6983991794 1146766.2318810383
1455 4287 -1.6695054583373419 35506.56659274496 6882299214.69825
2788 2200 -8.203167871116024 2281404.675254179 124988083.33466493
2297 3495 -6.524152798931038 50331.283390011246 6528604.578535393
1155 2537 -5.407081112806664 1943102.67631808 2342815266.596507
4080 830 0.8075561588474824 1236.160570584534 38905053.28237012
4759 3333 -6.634194843966259 1088053.0333968624 113649324.87558395
1671 2060 -4.193129542911242 17258.712490285507 1000000.0
1985 1998 -3.167557337172149 2943.6430048782267 1000000.0
1839 2088 -0.1485214648439751 2557.4046583801023 107018173.51231234
1526 3653 2.2113694394963868 328.90248796554357 900695711.7922691
1732 5118 -7.671420740383766 342671.18496645405 1000000.0
2213 6306 -7.213492934014975 186881.3334724783 2360898.820808479
4953 5142 -3.255335568464158 8449.034732691176 1000000.0
1649 5556 -0.3836973305108452 1403.5541657149124 9005348.751675453
1000 3897 -7.418083586622833 1229863.4349465359 204324812.96409145
3063 4177 -10.51107165476295 2167345.8644287866 7019187.496777866
714 4132 -4.24061063776658 10033.374804314768 21317818.351150323
2854 5977 -5.903016013723572 92577.47354688439 1000000.0
831 3067 4.419059838531146 124.72537230468225 669459538.0404849
4851 4317 -3.189520730112596 25351.179936907276 23424475.343858134
3163 6175 1.9334508174637388 126.20274048436242 4716732.024863565
2134 1699 -1.1047489326120092 367.9115081352528 3485150.00853544
2875 4868 -9.28203797602561 7387287.444287511 275524730.9090008
3340 4432 -1.2350597568100852 24711.479218392757 5654715776.56596
4963 5140 -3.9418545751145238 82462.81003856608 104084706.58486477
3120 4143 -0.9203695616017389 626.7652766692777 1000000.0
4279 4434 -5.313888359035978 448064.8310790126 1729082732.820868
5001 4392 -2.2065484295952276 6632.951807078273 89610209.52751642
1216 3557 1.6846917200063232 2231.657378925296 928754666.4621062
1069 2677 -4.491458093352094 5835.18443673638 1000000.0
454 3009 -0.08540546271173184 6379.58265993761 896374580.6114826
2910 4792 -8.532116172675249 5382682.820675212 255855097.00135106
5614 4286 -9.74893448615021 3672062.1377809164 20329654.499005605
3818 3908 0.5454380201801593 984.6265708641491 803504754.0578245
4296 2186 -3.4326911987817335 18974.169900607805 52018106.99834161
2354 6270 -4.651247027646744 425176.87952197366 819532383.2402451
1393 4091 0.4195307395064853 511.7123584617769 84246451.3650736
2826 2020 -6.6521986745536195 198697.52914265008 1338374.3263988728
2175 5583 -5.183655248498602 83332.79441816077 26703427.876923345
5639 3872 1.4496013069501896 1543.6211299054057 1540090139.3715277
3596 3664 1.5984853538320372 496.1956431916212 4239522.6373911565
4573 5406 2.197555707983311 1289.6734860913546 667385605.5794057
2191 3211 -7.086906978935595 40811.41549053748 2134900.1668673074
4914 2231 -3.9802395631025482 84594.49215499336 220372224.31271735
2803 2244 -0.8375635778773483 3163.5441770314383 100091445.29821795
5364 4981 0.8239892098218125 130.20384925430005 1000000.0
329 2546 -4.985345322140147 87309.84649424315 48238078.060376205
1875 5957 -10.159236769157538 875604.6630524154 1828789.8229649032
3083 5702 -1.3597724513623601 36968.58289627953 9335425496.018322
1718 4817 -5.366584467310973 86424.95591573838 1000000.0
1343 5302 1.7671055261118076 691.7374115818168 317559331.978858
865 4427 2.514007944773487 115.87126568153144 36294252.49437519
3730 5663 -7.613332834877569 1672178.5062065858 151700869.98589936
2772 2472 3.505928953344409 215.10348106622604 30894563.2730792
2328 2591 7.8154240241429305 143.90618012236098 5209246675.904966
3678 5905 -2.558762855385263 7460.917324768273 39087404.07051639
1165 2477 -11.476081575067006 4617577.779285021 3032441.685531551
1884 1712 -4.515940720043264 915528.632369611 11087215997.297388
4618 678 -8.035593217536782 155237.3098325049 7101378.235788644
2739 3166 -8.51891840316963 895393.1009582195 1423867.902766234
5210 3658 -4.290980853295464 103992.16681448759 611267937.440368
3619 1478 -2.797693270459186 9319.196803964745 90048450.9152329
4384 4299 1.536250036379207 696.3117812326791 33874147.745011434
1635 3618 1.2917358713184575 357.2387750610997 1000000.0
3669 4643 -0.4223538777222648 949.8055937598323 1265705.7534683526
5535 4811 -3.0426810616454194 9335.902143841578 37343851.4238253
1510 2506 -3.975184561787895 5058.2693421182 1014341.1628429273
1072 3770 -4.870316482520232 6364.632414949726 1000000.0
4818 4823 -1.2225320310485626 6530.524038162535 106358753.44129725
1614 2557 -1.3328350111315181 2555.816867061894 67245615.18029836
3618 6184 -8.715102665085729 364259.5565369652 11223636.463873668
958 4328 1.6379672562569318 217.48563304664907 1350740.5775403855
756 2561 -12.587213937694331 5025768.122231864 6537891.741199461
3306 4819 -7.240151731802491 216156.57256491375 1000000.0
4706 2125 1.1257815156541755 277.6444250607429 26216949.952763148
1072 2650 -8.382750712598819 1056040.3272575247 1000000.0
3971 2033 4.504144217300227 155.85915324416436 2114419702.3248746
648 2995 -10.45124461160083 5814472.255875939 1000000.0
3422 879 -4.964049170569645 66383.51480675938 1731240.182794098
1563 2424 2.361205566543788 4414.853503141033 9949300637.763893
3880 3485 1.4059527950373103 2371.6097795552337 2464928656.937909
1425 3557 -8.293401411069214 731347.3862023461 1000000.0
3908 5170 2.5655410803011236 217.34095039288152 378326134.6446135
4208 1509 -7.587754667396158 464595.1169950061 1000000.0
1431 3246 -7.259009532628611 307513.3031568621 23908307.580528744
545 3396 -2.830516371592319 14032.919249283186 105628597.73531713
4109 2356 2.6202815484341846 992.4276695481226 1300549561.5410433
4073 1728 0.7281935618247165 5354.093747338548 845818678.8549453
1657 6703 -2.857775011799787 2836.7228162785586 1000000.0
2578 2682 -6.7325435249637815 940515.1322777519 396628450.72469586
3345 1584 -2.518273101252756 2008.3520850469727 11313988.47158399
1968 6641 -1.316785383616942 19672.691095705024 533186160.57444584
3111 4076 -3.241808320857949 5791.593093870841 1089128.0405859177
4388 1606 -6.761398418717644 36185.81913695695 2513130.3545844057
1284 5714 -4.966675728806785 540211.3420268273 2520324861.8854184
1912 2842 -4.378917050411313 45485.7549627004 1372540.8298876754
4441 3396 -10.343636316065112 2494451.4640510394 1000000.0
5067 3232 -5.785605895378763 855910.5984961226 462823669.03793055
4403 2343 1.1942375353477237 2345.425858185713 5616285461.533134
3215 5283 -7.978982937905426 295261.29345992283 8562922.884756945
1055 2108 -5.102994894731408 11692.475240882788 1603302.538750188
4665 1928 -1.8496005383206287 6365.457880889246 102804675.9377611
4477 3010 -3.590653645830582 449183.33995092026 13776451562.803558
2808 5901 0.25180018856927455 262.06358085535527 68217103.42407866
2265 2618 -3.860922111374137 127862.87872036712 2131952898.062045
3230 4740 1.158327895035077 1014.4090650092359 101751899.60911542
1736 6978 -0.8466820520774094 287.55851790877176 1000000.0
3529 5687 -10.590482870713576 7686932.11127627 1000000.0
3120 4089 -2.878126075607974 10490.105253942771 1000000.0
1708 5225 -9.325496142569083 979387.7012254937 2832341.033087477
2622 1551 -8.384087408403778 303916.56566920417 1000000.0
3650 4140 -6.845160104689756 36696.93008251282 6946757.65129794
1803 6285 -10.020148089268927 3111792.9178595375 1251962.3981079038
4424 1450 -1.1042400775134036 1064.4782902412023 12098654.225307181
2223 1726 2.7661894767674586 786.0030264388765 4477742198.592058
1675 5721 -6.59126545399817 141990.18221976687 1000000.0
2831 5850 -2.7910318158136254 15024.327235809222 114600695.55213022
4364 4121 -0.3728747578229811 2476.599537990297 407324556.62776
4203 3786 5.63013869754276 119.58197541811379 10671483489.281975
2786 2243 -11.031269601107656 6651967.042833885 1000000.0
1790 6357 -8.119387560966366 198008.3640619309 1405488.4463562425
2720 6121 -6.274134084310827 503002.21703416324 63147322.904363595
