2504 4331 -9.177313384704059
560 2222 -4.235885584868787
5147 4913 -5.740313163524415
5578 4640 -5.902384869068415
2483 3115 -1.0836122173041614
3199 1594 -5.1785080569054776
2860 6314 -5.726928970119354
2855 3523 -11.573781219433995
1921 5651 -8.471026666322162
2255 4537 -2.6499347419405748
1770 5014 -0.07596718306676034
4176 4922 2.3932624572615815
2927 2367 -2.5015916621610867
1176 3158 0.633062192079534
1064 3616 -3.781989570865013
1892 3752 -7.265227379757868
3009 1351 -4.657709009479756
1855 3964 -10.30510122309301
4453 2164 -3.009862534453523
6148 4842 0.08100829709773172
